edge_list = [(1, 2), (1, 5), (2, 7), (6, 7), (3, 7), (2, 6), (4, 8), (5, 9), (9, 11), (6, 11), (6, 12), (7, 13),
                 (7, 14), (3, 14), (4, 17), (8, 17), (8, 10), (10, 15), (10, 11), (11, 12), (12, 13), (13, 14),
                 (15, 16), (12, 16), (15, 19), (16, 28), (12, 20), (13, 21), (14, 21), (14, 25), (11, 16), (17, 18),
                 (18, 22), (22, 27), (17, 26), (26, 27), (19, 20), (20, 23), (21, 23), (23, 25), (23, 24), (24, 25),
                 (21, 25), (21, 33), (24, 33), (19, 28), (28, 29), (20, 29), (20, 30), (29, 30), (28, 31), (27, 31),
                 (29, 32), (30, 32), (30, 36), (31, 32), (32, 35), (26, 34), (31, 34), (31, 39), (35, 39), (38, 39),
                 (34, 38), (38, 41), (39, 41), (40, 41), (35, 40), (23, 36), (36, 37), (33, 37), (36, 42), (36, 45),
                 (37, 46), (37, 43), (43, 47), (43, 46), (46, 47), (45, 46), (46, 50), (49, 50), (48, 49), (41, 48),
                 (41, 42), (42, 44), (42, 49), (44, 45), (18, 19), (8, 9)]
edge_ug_list = edge_list
length_list = [68, 148, 114, 94, 140, 86, 84, 55, 100, 132, 148, 167, 181, 175, 219, 197, 97, 47, 114, 55, 77, 128,
                   63, 138, 50, 131, 126, 101, 150, 165, 91, 35, 32, 33, 105, 64, 143, 113, 102, 190, 134, 62, 100, 165,
                   138, 81, 56, 100, 86, 71, 65, 79, 52, 82, 86, 82, 27, 120, 95, 102, 80, 60, 64, 104, 66, 53, 44, 152,
                   91, 66, 125, 173, 151, 89, 109, 105, 145, 56, 104, 86, 105, 120, 62, 73, 124, 67, 32, 68]

edge_list = [(1, 2), (1, 6), (2, 6), (2, 3)]
